ACORE = 0.0625
ALIGN_KF_SEP = 2.5
ALIGN_K_PSI = 25.0
ALIGN_K_THETA = 25.0
ALIGN_LIGAND1_REF_ATOMS = 15, 14, 1 
ALIGN_LIGAND2_REF_ATOMS = 13, 12, 4 
ALPHA = 0.1, 0.1, 0.1, 0.1, 0.1, 0.1, 0.1, 0.1, 0.1, 0.1, 0.1, 0.1, 0.1, 0.1, 0.1, 0.1, 0.1, 0.1, 0.1, 0.1, 0.1, 0.1
BASENAME = com
CHECKPOINT_TIME = 1200
CM_KF = 25
CM_TOL = 5
CYCLE_TIME = 10
DIRECTION = 1.0, 1.0, 1.0, 1.0, 1.0, 1.0, 1.0, 1.0, 1.0, 1.0, 1.0, -1.0, -1.0, -1.0, -1.0, -1.0, -1.0, -1.0, -1.0, -1.0, -1.0, -1.0
DISPLACEMENT = 15.275252316519467, 30.550504633038933, -7.637626158259733
FRICTION_COEFF = 0.5
INTERMEDIATE = 0.0, 0.0, 0.0, 0.0, 0.0, 0.0, 0.0, 0.0, 0.0, 0.0, 1.0, 1.0, 0.0, 0.0, 0.0, 0.0, 0.0, 0.0, 0.0, 0.0, 0.0, 0.0
JOB_TRANSPORT = LOCAL_OPENMM
LAMBDA1 = 0.0, 0.0, 0.0, 0.0, 0.0, 0.0, 0.1, 0.2, 0.3, 0.4, 0.5, 0.5, 0.4, 0.3, 0.2, 0.1, 0.0, 0.0, 0.0, 0.0, 0.0, 0.0
LAMBDA2 = 0.0, 0.1, 0.2, 0.3, 0.4, 0.5, 0.5, 0.5, 0.5, 0.5, 0.5, 0.5, 0.5, 0.5, 0.5, 0.5, 0.5, 0.4, 0.3, 0.2, 0.1, 0.0
LAMBDAS = 0.0, 0.05, 0.1, 0.15, 0.2, 0.25, 0.3, 0.35, 0.4, 0.45, 0.5, 0.5, 0.55, 0.6, 0.65, 0.7, 0.75, 0.8, 0.85, 0.9, 0.95, 1.0
LIGAND1_ATOMS = 15149, 15150, 15151, 15152, 15153, 15154, 15155, 15156, 15157, 15158, 15159, 15160, 15161, 15162, 15163, 15164, 15165, 15166, 15167, 15168, 15169, 15170, 15171, 15172, 15173, 15174, 15175, 15176 
LIGAND1_CM_ATOMS = 15149, 15150, 15151, 15152, 15153, 15154, 15155, 15156, 15157, 15158, 15159, 15160, 15161, 15162, 15163, 15164, 15165, 15166, 15167, 15168, 15169, 15170, 15171, 15172, 15173, 15174, 15175, 15176 
LIGAND2_ATOMS = 15177, 15178, 15179, 15180, 15181, 15182, 15183, 15184, 15185, 15186, 15187, 15188, 15189, 15190, 15191, 15192, 15193, 15194, 15195, 15196, 15197, 15198, 15199, 15200, 15201, 15202, 15203, 15204, 15205 
LIGAND2_CM_ATOMS = 15177, 15178, 15179, 15180, 15181, 15182, 15183, 15184, 15185, 15186, 15187, 15188, 15189, 15190, 15191, 15192, 15193, 15194, 15195, 15196, 15197, 15198, 15199, 15200, 15201, 15202, 15203, 15204, 15205 
MAXINDEX = 3
MAX_SAMPLES = 500
NODEFILE = nodefile
OPENMM_PLATFORM = CUDA
POSRE_FORCE_CONSTANT = 25
POSRE_TOLERANCE = 1.5
POS_RESTRAINED_ATOMS = 4, 21, 40, 59, 70, 84, 94, 118, 137, 153, 160, 179, 196, 215, 234, 253, 264, 275, 286, 310, 320, 340, 350, 361, 378, 389, 403, 418, 429, 448, 454, 466, 486, 500, 527, 533, 540, 552, 573, 592, 611, 621, 628, 647, 675, 681, 700, 717, 728, 735, 745, 764, 781, 797, 821, 838, 870, 876, 891, 907, 921, 940, 950, 962, 986, 997, 1008, 1019, 1039, 1053, 1068, 1085, 1092, 1113, 1130, 1149, 1169, 1186, 1196, 1213, 1237, 1256, 1263, 1279, 1294, 1309, 1328, 1342, 1356, 1367, 1381, 1391, 1410, 1437, 1443, 1457, 1476, 1490, 1509, 1516, 1537, 1554, 1573, 1594, 1606, 1622, 1633, 1644, 1656, 1667, 1677, 1691, 1707, 1728, 1738, 1752, 1771, 1795, 1811, 1830, 1841, 1868, 1874, 1881, 1898, 1915, 1932, 1951, 1966, 1985, 2002, 2009, 2021, 2040, 2059, 2076, 2097, 2116, 2122, 2136, 2152, 2171, 2181, 2197, 2216, 2231, 2237, 2249, 2260, 2274, 2288, 2312, 2322, 2332, 2346, 2360, 2370, 2380, 2399, 2418, 2437, 2443, 2463, 2482, 2506, 2512, 2529, 2548, 2559, 2580, 2590, 2600, 2611, 2622, 2637, 2651, 2670, 2681, 2697, 2719, 2743, 2760, 2789, 2795, 2806, 2826, 2845, 2869, 2883, 2910, 2916, 2930, 2942, 2964, 2985, 3002, 3018, 3033, 3047, 3064, 3080, 3099, 3118, 3137, 3154, 3176, 3196, 3203, 3227, 3241, 3265, 3284, 3295, 3314, 3330, 3337, 3348, 3359, 3371, 3383, 3404, 3411, 3428, 3447, 3454, 3470, 3487, 3497, 3516, 3531, 3545, 3562, 3572, 3586, 3593, 3610, 3617, 3636, 3647, 3666, 3676, 3696, 3718, 3730, 3749, 3774, 3780, 3800, 3811, 3821, 3838, 3854, 3861, 3873, 3888, 3912, 3929, 3946, 3957, 3976, 3993, 4017, 4034, 4053, 4063, 4080, 4090, 4097, 4107, 4121, 4137, 4153, 4169, 4185, 4205, 4216, 4227, 4251, 4268, 4287, 4297, 4321, 4337, 4357, 4377, 4392, 4403, 4419, 4435, 4454, 4468, 4482, 4501, 4515, 4522, 4544, 4560, 4584, 4600, 4610, 4621, 4636, 4646, 4670, 4680, 4699, 4710, 4734, 4751, 4770, 4784, 4791, 4815, 4821, 4828, 4847, 4864, 4888, 4907, 4914, 4931, 4947, 4966, 4973, 4989, 4999, 5018, 5035, 5057, 5081, 5091, 5115, 5121, 5128, 5147, 5169, 5179, 5199, 5214, 5229, 5239, 5260, 5270, 5294, 5304, 5316, 5338, 5360, 5378, 5384, 5416, 5422, 5432, 5449, 5471, 5478, 5489, 5513, 5524, 5535, 5546, 5560, 5577, 5596, 5607, 5631, 5646, 5656, 5673, 5683, 5703, 5720, 5730, 5747, 5761, 5786, 5792, 5814, 5833, 5855, 5865, 5885, 5896, 5913, 5924, 5935, 5945, 5966, 5980, 5990, 6011, 6035, 6045, 6061, 6082, 6092, 6108, 6118, 6135, 6142, 6161, 6178, 6195, 6214, 6233, 6240, 6250, 6260, 6271, 6278, 6288, 6298, 6309, 6333, 6340, 6364, 6380, 6409, 6415, 6439, 6456, 6475, 6494, 6509, 6526, 6545, 6562, 6584, 6600, 6617, 6637, 6656, 6675, 6692, 6714, 6726, 6740, 6756, 6766, 6786, 6800, 6812, 6826, 6850, 6870, 6876, 6895, 6906, 6917, 6938, 6952, 6971, 6990, 7000, 7024, 7036, 7060, 7074, 7089, 7095, 7117, 7141, 7155, 7175, 7189, 7205, 7224, 7231, 7242, 7253, 7267, 7291, 7310, 7316, 7332, 7349, 7368, 7382, 7401, 7415, 7430, 7444, 7466, 7485, 7502, 7526, 7543, 7550, 7572, 7587, 7604, 7623, 7638, 7644, 7654, 7670, 7689, 7696, 7715, 7726, 7745, 7769, 7779, 7798, 7817, 7842, 7848, 7855, 7869, 7876, 7894, 7900, 7919, 7930, 7949, 7960, 7977, 7994, 8013, 8037, 8054, 8076, 8083, 8095, 8116, 8132, 8151, 8158, 8165, 8184, 8212, 8218, 8237, 8244, 8259, 8269, 8284, 8299, 8309, 8316, 8335, 8359, 8370, 8394, 8408, 8440, 8446, 8457, 8476, 8482, 8498, 8508, 8522, 8546, 8566, 8577, 8588, 8602, 8609, 8628, 8647, 8671, 8681, 8700, 8710, 8727, 8749, 8766, 8776, 8792, 8807, 8822, 8841, 8855, 8869, 8891, 8902, 8914, 8933, 8960, 8966, 8973, 8992, 9016, 9035, 9042, 9063, 9075, 9094, 9114, 9126, 9140, 9150, 9161, 9184, 9190, 9206, 9222, 9232, 9249, 9279, 9285, 9296, 9315, 9332, 9352, 9371, 9381, 9403, 9413, 9420, 9431, 9455, 9467, 9486, 9496, 9506, 9527, 9538, 9552, 9573, 9587, 9604, 9625, 9650, 9656, 9680, 9696, 9715, 9725, 9741, 9760, 9775, 9781, 9798, 9809, 9820, 9835, 9854, 9864, 9881, 9897, 9911, 9918, 9940, 9960, 9980, 9991, 10011, 10031, 10050, 10075, 10081, 10098, 10114, 10125, 10146, 10153, 10163, 10174, 10191, 10206, 10225, 10244, 10255, 10265, 10289, 10304, 10318, 10346, 10352, 10363, 10383, 10403, 10427, 10441, 10465, 10471, 10482, 10494, 10518, 10534, 10551, 10570, 10584, 10594, 10604, 10614, 10629, 10648, 10667, 10684, 10699, 10719, 10726, 10750, 10764, 10788, 10804, 10814, 10824, 10843, 10850, 10861, 10873, 10885, 10900, 10921, 10928, 10952, 10969, 10976, 10995, 11006, 11025, 11045, 11056, 11066, 11085, 11095, 11105, 11115, 11139, 11146, 11165, 11176, 11195, 11205, 11222, 11237, 11244, 11263, 11287, 11293, 11320, 11326, 11350, 11360, 11372, 11384, 11395, 11419, 11438, 11445, 11467, 11483, 11500, 11512, 11528, 11547, 11564, 11581, 11597, 11611, 11628, 11639, 11650, 11666, 11683, 11699, 11715, 11734, 11753, 11773, 11783, 11794, 11810, 11827, 11837, 11847, 11864, 11874, 11893, 11913, 11927, 11948, 11959, 11978, 11989, 12000, 12024, 12043, 12062, 12068, 12090, 12106, 12130, 12146, 12156, 12167, 12182, 12192, 12216, 12235, 12249, 12260, 12272, 12291, 12307, 12324, 12331, 12358, 12364, 12371, 12388, 12398, 12415, 12432, 12439, 12453, 12469, 12488, 12495, 12515, 12534, 12551, 12575, 12582, 12592, 12609, 12628, 12645, 12660, 12688, 12694, 12711, 12732, 12748, 12770, 12784, 12801, 12820, 12830, 12849, 12859, 12873, 12893, 12899, 12909, 12929, 12940, 12951, 12961, 12980, 12987, 13002, 13026, 13041, 13058, 13065, 13084, 13099, 13114, 13126, 13142, 13158, 13165, 13182, 13206, 13224, 13230, 13247, 13257, 13269, 13280, 13299, 13313, 13332, 13349, 13363, 13379, 13390, 13400, 13407, 13426, 13440, 13457, 13474, 13491, 13505, 13525, 13536, 13552, 13573, 13583, 13593, 13609, 13630, 13641, 13657, 13667, 13684, 13694, 13713, 13730, 13744, 13758, 13777, 13794, 13804, 13818, 13828, 13839, 13846, 13864, 13870, 13880, 13897, 13917, 13923, 13939, 13969, 13975, 13999, 14016, 14035, 14054, 14069, 14083, 14100, 14121, 14135, 14154, 14168, 14188, 14205, 14221, 14228, 14235, 14262, 14268, 14287, 14311, 14331, 14343, 14354, 14365, 14372, 14386, 14402, 14414, 14431, 14446, 14467, 14479, 14498, 14520, 14539, 14563, 14579, 14603, 14620, 14627, 14638, 14662, 14668, 14692, 14711, 14728, 14740, 14756, 14763, 14787, 14807, 14821, 14828, 14839, 14858, 14882, 14896, 14911, 14935, 14954, 14976, 14995, 15019, 15043, 15060, 15074, 15085, 15097, 15111, 15128
PRNT_FREQUENCY = 5000
PRODUCTION_STEPS = 5000
RCPT_CM_ATOMS = 2233, 2234, 2235, 2237, 2245, 2246, 2247, 2249, 2256, 2257, 2258, 2260, 2557, 2559, 2576, 2577, 2578, 2580, 2586, 2587, 2588, 2590, 2596, 2597, 2598, 2600, 2607, 2609, 3383, 4205, 4212, 4213, 4214, 4216, 4223, 4224, 4225, 4227, 4610, 4617, 4618, 4619, 4621, 4632, 4633, 4634, 4636, 4642, 4643, 4644, 4646, 5922, 5924 
RE_SETUP = YES
SUBJOBS_BUFFER_SIZE = 1.000000
TEMPERATURES = 300
TIME_STEP = 0.002
TRJ_FREQUENCY = 5000
U0 = 110.0, 110.0, 110.0, 110.0, 110.0, 110.0, 110.0, 110.0, 110.0, 110.0, 110.0, 110.0, 110.0, 110.0, 110.0, 110.0, 110.0, 110.0, 110.0, 110.0, 110.0, 110.0
UBCORE = 100
UMAX = 200
VERBOSE = no
W0COEFF = 0.0, 0.0, 0.0, 0.0, 0.0, 0.0, 0.0, 0.0, 0.0, 0.0, 0.0, 0.0, 0.0, 0.0, 0.0, 0.0, 0.0, 0.0, 0.0, 0.0, 0.0, 0.0
WALL_TIME = 52704000
